# finding the fit parameters of Higgs data (nfev=10):
m=125.972189243039
Gamma=2.08629183554248
A=9.87598167432777
