# finding the fit parameters of Higgs data (nfev=10):
m=125.972178861165
Gamma=2.08651139633721
A=9.87698064125455
