a=143.057705031799
lambda=0.171852690707342
