a=4.95866486264899
lambda=0.170624049509978
uncert_a=0.0354019292641024
uncert_lambda=0.00715662234200221
