sqrt(2)=1.4142135623731
(check: sqrt(2)^2=2)
2^(1/5)=1.14869835499704
(check: (2^(1/5))^5=2)
e^pi=23.1406926327793
(check: Log(e^pi)=3.14159265358979)
pi^e=22.459157718361
(check: Log_pi(pi^e)=2.71828182845905)
fgamma(1)=0.999999989064903
fgamma(2)=0.999999989064903
fgamma(3)=1.99999997812981
fgamma(4)=5.99999993438942
fgamma(5)=23.9999997375577
fgamma(6)=119.999998687788
fgamma(7)=719.99999212673
fgamma(8)=5039.99994488711
fgamma(9)=40319.9995590969
lnfgamma(1)=-0.000372555545184672
lnfgamma(2)=-1.69118274956359E-05
lnfgamma(3)=0.693144727899424
lnfgamma(4)=1.79175886471641
lnfgamma(5)=3.17805362856331
lnfgamma(6)=4.78749166084665
lnfgamma(7)=6.57925117386042
lnfgamma(8)=8.52516134141654
lnfgamma(9)=10.6046028918102
